



#--- Correlations Circle -------
PVP	 0.174	 0.740	 0.341	 0.108	 0.340	 0.402	 0.028	 0.118	 0.048	 0.013	 0.000	
AGR	-0.819	 0.006	 0.366	 0.154	-0.033	-0.219	 0.348	-0.004	 0.022	 0.038	 0.000	
CMI	-0.834	 0.340	-0.141	-0.258	 0.151	-0.195	-0.091	-0.087	 0.154	-0.050	 0.001	
TRA	 0.137	 0.631	-0.376	-0.281	-0.547	 0.218	 0.124	-0.035	-0.000	 0.005	 0.000	
LOG	-0.722	 0.398	-0.385	-0.208	 0.263	-0.176	-0.037	 0.076	-0.140	 0.054	 0.000	
EDU	-0.787	-0.137	 0.425	 0.116	-0.318	 0.113	-0.214	-0.024	 0.007	 0.090	 0.001	
ACS	-0.933	-0.100	 0.166	 0.151	-0.104	 0.174	 0.001	 0.032	-0.090	-0.136	 0.000	
ACO	-0.289	-0.808	-0.375	-0.202	 0.012	 0.196	 0.066	 0.187	 0.073	 0.016	 0.000	
DEF	 0.612	 0.216	-0.260	 0.637	-0.154	-0.261	-0.037	 0.104	 0.030	-0.014	 0.001	
DET	 0.889	-0.301	 0.161	-0.179	 0.176	 0.060	 0.064	-0.145	-0.039	-0.001	 0.001	
DIV	 0.548	 0.112	 0.537	-0.505	-0.184	-0.282	-0.041	 0.169	-0.006	-0.029	 0.000	

